1.png,0
2.png,0
3.png,0
4.png,0
5.png,0
6.png,0
7.png,0
8.png,0
9.png,0
10.png,0
11.png,0
12.png,0
13.png,0
14.png,0
15.png,0
16.png,0
17.png,0
18.png,0
19.png,0
20.png,0
21.png,0
22.png,0
23.png,0
24.png,0
25.png,0
26.png,0
27.png,0
28.png,0
29.png,0
30.png,0
31.png,0
32.png,0
33.png,0
34.png,0
35.png,0
36.png,0
37.png,0
38.png,0
39.png,0
40.png,0
41.png,0
42.png,0
43.png,0
44.png,0
45.png,0
46.png,0
47.png,0
48.png,0
49.png,0
50.png,0
51.png,0
52.png,0
53.png,0
54.png,0
55.png,0
56.png,0
57.png,0
58.png,0
59.png,0
60.png,0
61.png,0
62.png,0
63.png,0
64.png,0
65.png,0
66.png,0
67.png,0
68.png,0
69.png,0
70.png,0
71.png,0
72.png,0
73.png,0
74.png,0
75.png,0
76.png,0
77.png,0
78.png,0
79.png,0
80.png,0
81.png,0
82.png,0
83.png,0
84.png,0
85.png,0
86.png,0
87.png,0
88.png,0
89.png,0
90.png,0
91.png,0
92.png,0
93.png,0
94.png,0
95.png,0
96.png,0
97.png,0
98.png,0
99.png,0
100.png,0
101.png,0
102.png,0
103.png,0
104.png,0
105.png,0
106.png,0
107.png,0
108.png,0
109.png,0
110.png,0
111.png,0
112.png,0
113.png,0
114.png,0
115.png,0
116.png,0
117.png,0
118.png,0
119.png,0
120.png,0
121.png,0
122.png,0
123.png,0
124.png,0
125.png,0
126.png,0
127.png,0
128.png,0
129.png,0
130.png,0
131.png,0
132.png,0
133.png,0
134.png,0
135.png,0
136.png,0
137.png,0
138.png,0
139.png,0
140.png,0
141.png,0
142.png,0
143.png,0
144.png,0
145.png,0
146.png,0
147.png,0
148.png,0
149.png,0
150.png,0
151.png,0
152.png,0
153.png,0
154.png,0
155.png,0
156.png,0
157.png,0
158.png,0
159.png,0
160.png,0
161.png,0
162.png,0
163.png,0
164.png,0
165.png,0
166.png,0
167.png,0
168.png,0
169.png,0
170.png,0
171.png,0
172.png,0
173.png,0
174.png,0
175.png,0
176.png,0
177.png,0
178.png,0
179.png,0
180.png,0
181.png,0
182.png,0
183.png,0
184.png,0
185.png,0
186.png,0
187.png,0
188.png,0
189.png,0
190.png,0
191.png,0
192.png,0
193.png,0
194.png,0
195.png,0
196.png,0
197.png,0
198.png,0
199.png,0
200.png,0
201.png,0
202.png,0
203.png,0
204.png,0
205.png,0
206.png,0
207.png,0
208.png,0
209.png,0
210.png,0
211.png,0
212.png,0
213.png,0
214.png,0
215.png,0
216.png,0
217.png,0
218.png,0
219.png,0
220.png,0
221.png,0
222.png,0
223.png,0
224.png,0
225.png,0
226.png,0
227.png,0
228.png,0
229.png,0
230.png,0
231.png,0
232.png,0
233.png,0
234.png,0
235.png,0
236.png,0
237.png,0
238.png,0
239.png,0
240.png,0
241.png,0
242.png,0
243.png,0
244.png,0
245.png,0
246.png,0
247.png,0
248.png,0
249.png,0
250.png,0
251.png,0
252.png,0
253.png,0
254.png,0
255.png,0
256.png,0
257.png,0
258.png,0
259.png,0
260.png,0
261.png,0
262.png,0
263.png,0
264.png,0
265.png,0
266.png,0
267.png,0
268.png,0
269.png,0
270.png,0
271.png,0
272.png,0
273.png,0
274.png,0
275.png,0
276.png,0
277.png,0
278.png,0
279.png,0
280.png,0
281.png,0
282.png,0
283.png,0
284.png,0
285.png,0
286.png,0
287.png,0
288.png,0
289.png,0
290.png,0
291.png,0
292.png,0
293.png,0
294.png,0
295.png,0
296.png,0
297.png,0
298.png,0
299.png,0
300.png,0
301.png,0
302.png,0
303.png,0
304.png,0
305.png,0
306.png,0
307.png,0
308.png,0
309.png,0
310.png,0
311.png,0
312.png,0
313.png,0
314.png,0
315.png,0
316.png,0
317.png,0
318.png,0
319.png,0
320.png,0
321.png,0
322.png,0
323.png,0
324.png,0
325.png,0
326.png,0
327.png,0
328.png,0
329.png,0
330.png,0
331.png,0
332.png,0
333.png,0
334.png,0
335.png,0
336.png,0
337.png,0
338.png,0
339.png,0
340.png,0
341.png,0
342.png,0
343.png,0
344.png,0
345.png,0
346.png,0
347.png,0
348.png,0
349.png,0
350.png,0
351.png,0
352.png,0
353.png,0
354.png,0
355.png,0
356.png,0
357.png,0
358.png,0
359.png,0
360.png,0
361.png,0
362.png,0
363.png,0
364.png,0
365.png,0
366.png,0
367.png,0
368.png,0
369.png,0
370.png,0
371.png,0
372.png,0
373.png,0
374.png,0
375.png,0
376.png,0
377.png,0
378.png,0
379.png,0
380.png,0
381.png,0
382.png,0
383.png,0
384.png,0
385.png,0
386.png,0
387.png,0
388.png,0
389.png,0
390.png,0
391.png,0
392.png,0
393.png,0
394.png,0
395.png,0
396.png,0
397.png,0
398.png,0
399.png,0
400.png,0
401.png,0
402.png,0
403.png,0
404.png,0
405.png,0
406.png,0
407.png,0
408.png,0
409.png,0
410.png,0
411.png,0
412.png,0
413.png,0
414.png,0
415.png,0
416.png,0
417.png,0
418.png,0
419.png,0
420.png,0
421.png,0
422.png,0
423.png,0
424.png,0
425.png,0
426.png,0
427.png,0
428.png,0
429.png,0
430.png,0
431.png,0
432.png,0
433.png,0
434.png,0
435.png,0
436.png,0
437.png,0
438.png,0
439.png,0
440.png,0
441.png,0
442.png,0
443.png,0
444.png,0
445.png,0
446.png,0
447.png,0
448.png,0
449.png,0
450.png,0
451.png,0
452.png,0
453.png,0
454.png,0
455.png,0
456.png,0
457.png,0
458.png,0
459.png,0
460.png,0
461.png,0
462.png,0
463.png,0
464.png,0
465.png,0
466.png,0
467.png,0
468.png,0
469.png,0
470.png,0
471.png,0
472.png,0
473.png,0
474.png,0
475.png,0
476.png,0
477.png,0
478.png,0
479.png,0
480.png,0
481.png,0
482.png,0
483.png,0
484.png,0
485.png,0
486.png,0
487.png,0
488.png,0
489.png,0
490.png,0
491.png,0
492.png,0
493.png,0
494.png,0
495.png,0
496.png,0
497.png,0
498.png,0
499.png,0
500.png,0
501.png,0
502.png,0
503.png,0
504.png,0
505.png,0
506.png,0
507.png,0
508.png,0
509.png,0
510.png,0
511.png,0
512.png,0
513.png,0
514.png,0
515.png,0
516.png,0
517.png,0
518.png,0
519.png,0
520.png,0
521.png,0
522.png,0
523.png,0
524.png,0
525.png,0
526.png,0
527.png,0
528.png,0
529.png,0
530.png,0
531.png,0
532.png,0
533.png,0
534.png,0
535.png,0
536.png,0
537.png,0
538.png,0
539.png,0
540.png,0
541.png,0
542.png,0
543.png,0
544.png,0
545.png,0
546.png,0
547.png,0
548.png,0
549.png,0
550.png,0
551.png,0
552.png,0
553.png,0
554.png,0
555.png,0
556.png,0
557.png,0
558.png,0
559.png,0
560.png,0
561.png,0
562.png,0
563.png,0
564.png,0
565.png,0
566.png,0
567.png,0
568.png,0
569.png,0
570.png,0
571.png,0
572.png,0
573.png,0
574.png,0
575.png,0
576.png,0
577.png,0
578.png,0
579.png,0
580.png,0
581.png,0
582.png,0
583.png,0
584.png,0
585.png,0
586.png,0
587.png,0
588.png,0
589.png,0
590.png,0
591.png,0
592.png,0
593.png,0
594.png,0
595.png,0
596.png,0
597.png,0
598.png,0
599.png,0
600.png,0
601.png,0
602.png,0
603.png,0
604.png,0
605.png,0
606.png,0
607.png,0
608.png,0
609.png,0
610.png,0
611.png,0
612.png,0
613.png,0
614.png,0
615.png,0
616.png,0
617.png,0
618.png,0
619.png,0
620.png,0
621.png,0
622.png,0
623.png,0
624.png,0
625.png,0
626.png,0
627.png,0
628.png,0
629.png,0
630.png,0
631.png,0
632.png,0
633.png,0
634.png,0
635.png,0
636.png,0
637.png,0
638.png,0
639.png,0
640.png,0
641.png,0
642.png,0
643.png,0
644.png,0
645.png,0
646.png,0
647.png,0
648.png,0
649.png,0
650.png,0
651.png,0
652.png,0
653.png,0
654.png,0
655.png,0
656.png,0
657.png,0
658.png,0
659.png,0
660.png,0
661.png,0
662.png,0
663.png,0
664.png,0
665.png,0
666.png,0
667.png,0
668.png,0
669.png,0
670.png,0
671.png,0
672.png,0
673.png,0
674.png,0
675.png,0
676.png,0
677.png,0
678.png,0
679.png,0
680.png,0
681.png,0
682.png,0
683.png,0
684.png,0
685.png,0
686.png,0
687.png,0
688.png,0
689.png,0
690.png,0
691.png,0
692.png,0
693.png,0
694.png,0
695.png,0
696.png,0
697.png,0
698.png,0
699.png,0
700.png,0
701.png,0
702.png,0
703.png,0
704.png,0
705.png,0
706.png,0
707.png,0
708.png,0
709.png,0
710.png,0
711.png,0
712.png,0
713.png,0
714.png,0
715.png,0
716.png,0
717.png,0
718.png,0
719.png,0
720.png,0
721.png,0
722.png,0
723.png,0
724.png,0
725.png,0
726.png,0
727.png,0
728.png,0
729.png,0
730.png,0
731.png,0
732.png,0
733.png,0
734.png,0
735.png,0
736.png,0
737.png,0
738.png,0
739.png,0
740.png,0
741.png,0
742.png,0
743.png,0
744.png,0
745.png,0
746.png,0
747.png,0
748.png,0
749.png,0
750.png,0
751.png,0
752.png,0
753.png,0
754.png,0
755.png,0
756.png,0
757.png,0
758.png,0
759.png,0
760.png,0
761.png,0
762.png,0
763.png,0
764.png,0
765.png,0
766.png,0
767.png,0
768.png,0
769.png,0
770.png,0
771.png,0
772.png,0
773.png,0
774.png,0
775.png,0
776.png,0
777.png,0
778.png,0
779.png,0
780.png,0
781.png,0
782.png,0
783.png,0
784.png,0
785.png,0
786.png,0
787.png,0
788.png,0
789.png,0
790.png,0
791.png,0
792.png,0
793.png,0
794.png,0
795.png,0
796.png,0
797.png,0
798.png,0
799.png,0
800.png,0
801.png,1
802.png,1
803.png,1
804.png,1
805.png,1
806.png,1
807.png,1
808.png,1
809.png,1
810.png,1
811.png,1
812.png,1
813.png,1
814.png,1
815.png,1
816.png,1
817.png,1
818.png,1
819.png,1
820.png,1
821.png,1
822.png,1
823.png,1
824.png,1
825.png,1
826.png,1
827.png,1
828.png,1
829.png,1
830.png,1
831.png,1
832.png,1
833.png,1
834.png,1
835.png,1
836.png,1
837.png,1
838.png,1
839.png,1
840.png,1
841.png,1
842.png,1
843.png,1
844.png,1
845.png,1
846.png,1
847.png,1
848.png,1
849.png,1
850.png,1
851.png,1
852.png,1
853.png,1
854.png,1
855.png,1
856.png,1
857.png,1
858.png,1
859.png,1
860.png,1
861.png,1
862.png,1
863.png,1
864.png,1
865.png,1
866.png,1
867.png,1
868.png,1
869.png,1
870.png,1
871.png,1
872.png,1
873.png,1
874.png,1
875.png,1
876.png,1
877.png,1
878.png,1
879.png,1
880.png,1
881.png,1
882.png,1
883.png,1
884.png,1
885.png,1
886.png,1
887.png,1
888.png,1
889.png,1
890.png,1
891.png,1
892.png,1
893.png,1
894.png,1
895.png,1
896.png,1
897.png,1
898.png,1
899.png,1
900.png,1
901.png,1
902.png,1
903.png,1
904.png,1
905.png,1
906.png,1
907.png,1
908.png,1
909.png,1
910.png,1
911.png,1
912.png,1
913.png,1
914.png,1
915.png,1
916.png,1
917.png,1
918.png,1
919.png,1
920.png,1
921.png,1
922.png,1
923.png,1
924.png,1
925.png,1
926.png,1
927.png,1
928.png,1
929.png,1
930.png,1
931.png,1
932.png,1
933.png,1
934.png,1
935.png,1
936.png,1
937.png,1
938.png,1
939.png,1
940.png,1
941.png,1
942.png,1
943.png,1
944.png,1
945.png,1
946.png,1
947.png,1
948.png,1
949.png,1
950.png,1
951.png,1
952.png,1
953.png,1
954.png,1
955.png,1
956.png,1
957.png,1
958.png,1
959.png,1
960.png,1
961.png,1
962.png,1
963.png,1
964.png,1
965.png,1
966.png,1
967.png,1
968.png,1
969.png,1
970.png,1
971.png,1
972.png,1
973.png,1
974.png,1
975.png,1
976.png,1
977.png,1
978.png,1
979.png,1
980.png,1
981.png,1
982.png,1
983.png,1
984.png,1
985.png,1
986.png,1
987.png,1
988.png,1
989.png,1
990.png,1
991.png,1
992.png,1
993.png,1
994.png,1
995.png,1
996.png,1
997.png,1
998.png,1
999.png,1
1000.png,1
1001.png,1
1002.png,1
1003.png,1
1004.png,1
1005.png,1
1006.png,1
1007.png,1
1008.png,1
1009.png,1
1010.png,1
1011.png,1
1012.png,1
1013.png,1
1014.png,1
1015.png,1
1016.png,1
1017.png,1
1018.png,1
1019.png,1
1020.png,1
1021.png,1
1022.png,1
1023.png,1
1024.png,1
1025.png,1
1026.png,1
1027.png,1
1028.png,1
1029.png,1
1030.png,1
1031.png,1
1032.png,1
1033.png,1
1034.png,1
1035.png,1
1036.png,1
1037.png,1
1038.png,1
1039.png,1
1040.png,1
1041.png,1
1042.png,1
1043.png,1
1044.png,1
1045.png,1
1046.png,1
1047.png,1
1048.png,1
1049.png,1
1050.png,1
1051.png,1
1052.png,1
1053.png,1
1054.png,1
1055.png,1
1056.png,1
1057.png,1
1058.png,1
1059.png,1
1060.png,1
1061.png,1
1062.png,1
1063.png,1
1064.png,1
1065.png,1
1066.png,1
1067.png,1
1068.png,1
1069.png,1
1070.png,1
1071.png,1
1072.png,1
1073.png,1
1074.png,1
1075.png,1
1076.png,1
1077.png,1
1078.png,1
1079.png,1
1080.png,1
1081.png,1
1082.png,1
1083.png,1
1084.png,1
1085.png,1
1086.png,1
1087.png,1
1088.png,1
1089.png,1
1090.png,1
1091.png,1
1092.png,1
1093.png,1
1094.png,1
1095.png,1
1096.png,1
1097.png,1
1098.png,1
1099.png,1
1100.png,1
1101.png,1
1102.png,1
1103.png,1
1104.png,1
1105.png,1
1106.png,1
1107.png,1
1108.png,1
1109.png,1
1110.png,1
1111.png,1
1112.png,1
1113.png,1
1114.png,1
1115.png,1
1116.png,1
1117.png,1
1118.png,1
1119.png,1
1120.png,1
1121.png,1
1122.png,1
1123.png,1
1124.png,1
1125.png,1
1126.png,1
1127.png,1
1128.png,1
1129.png,1
1130.png,1
1131.png,1
1132.png,1
1133.png,1
1134.png,1
1135.png,1
1136.png,1
1137.png,1
1138.png,1
1139.png,1
1140.png,1
1141.png,1
1142.png,1
1143.png,1
1144.png,1
1145.png,1
1146.png,1
1147.png,1
1148.png,1
1149.png,1
1150.png,1
1151.png,1
1152.png,1
1153.png,1
1154.png,1
1155.png,1
1156.png,1
1157.png,1
1158.png,1
1159.png,1
1160.png,1
1161.png,1
1162.png,1
1163.png,1
1164.png,1
1165.png,1
1166.png,1
1167.png,1
1168.png,1
1169.png,1
1170.png,1
1171.png,1
1172.png,1
1173.png,1
1174.png,1
1175.png,1
1176.png,1
1177.png,1
1178.png,1
1179.png,1
1180.png,1
1181.png,1
1182.png,1
1183.png,1
1184.png,1
1185.png,1
1186.png,1
1187.png,1
1188.png,1
1189.png,1
1190.png,1
1191.png,1
1192.png,1
1193.png,1
1194.png,1
1195.png,1
1196.png,1
1197.png,1
1198.png,1
1199.png,1
1200.png,1
1201.png,1
1202.png,1
1203.png,1
1204.png,1
1205.png,1
1206.png,1
1207.png,1
1208.png,1
1209.png,1
1210.png,1
1211.png,1
1212.png,1
1213.png,1
1214.png,1
1215.png,1
1216.png,1
1217.png,1
1218.png,1
1219.png,1
1220.png,1
1221.png,1
1222.png,1
1223.png,1
1224.png,1
1225.png,1
1226.png,1
1227.png,1
1228.png,1
1229.png,1
1230.png,1
1231.png,1
1232.png,1
1233.png,1
1234.png,1
1235.png,1
1236.png,1
1237.png,1
1238.png,1
1239.png,1
1240.png,1
1241.png,1
1242.png,1
1243.png,1
1244.png,1
1245.png,1
1246.png,1
1247.png,1
1248.png,1
1249.png,1
1250.png,1
1251.png,1
1252.png,1
1253.png,1
1254.png,1
1255.png,1
1256.png,1
1257.png,1
1258.png,1
1259.png,1
1260.png,1
1261.png,1
1262.png,1
1263.png,1
1264.png,1
1265.png,1
1266.png,1
1267.png,1
1268.png,1
1269.png,1
1270.png,1
1271.png,1
1272.png,1
1273.png,1
1274.png,1
1275.png,1
1276.png,1
1277.png,1
1278.png,1
1279.png,1
1280.png,1
1281.png,1
1282.png,1
1283.png,1
1284.png,1
1285.png,1
1286.png,1
1287.png,1
1288.png,1
1289.png,1
1290.png,1
1291.png,1
1292.png,1
1293.png,1
1294.png,1
1295.png,1
1296.png,1
1297.png,1
1298.png,1
1299.png,1
1300.png,1
1301.png,1
1302.png,1
1303.png,1
1304.png,1
1305.png,1
1306.png,1
1307.png,1
1308.png,1
1309.png,1
1310.png,1
1311.png,1
1312.png,1
1313.png,1
1314.png,1
1315.png,1
1316.png,1
1317.png,1
1318.png,1
1319.png,1
1320.png,1
1321.png,1
1322.png,1
1323.png,1
1324.png,1
1325.png,1
1326.png,1
1327.png,1
1328.png,1
1329.png,1
1330.png,1
1331.png,1
1332.png,1
1333.png,1
1334.png,1
1335.png,1
1336.png,1
1337.png,1
1338.png,1
1339.png,1
1340.png,1
1341.png,1
1342.png,1
1343.png,1
1344.png,1
1345.png,1
1346.png,1
1347.png,1
1348.png,1
1349.png,1
1350.png,1
1351.png,1
1352.png,1
1353.png,1
1354.png,1
1355.png,1
1356.png,1
1357.png,1
1358.png,1
1359.png,1
1360.png,1
1361.png,1
1362.png,1
1363.png,1
1364.png,1
1365.png,1
1366.png,1
1367.png,1
1368.png,1
1369.png,1
1370.png,1
1371.png,1
1372.png,1
1373.png,1
1374.png,1
1375.png,1
1376.png,1
1377.png,1
1378.png,1
1379.png,1
1380.png,1
1381.png,1
1382.png,1
1383.png,1
1384.png,1
1385.png,1
1386.png,1
1387.png,1
1388.png,1
1389.png,1
1390.png,1
1391.png,1
1392.png,1
1393.png,1
1394.png,1
1395.png,1
1396.png,1
1397.png,1
1398.png,1
1399.png,1
1400.png,1
1401.png,1
1402.png,1
1403.png,1
1404.png,1
1405.png,1
1406.png,1
1407.png,1
1408.png,1
1409.png,1
1410.png,1
1411.png,1
1412.png,1
1413.png,1
1414.png,1
1415.png,1
1416.png,1
1417.png,1
1418.png,1
1419.png,1
1420.png,1
1421.png,1
1422.png,1
1423.png,1
1424.png,1
1425.png,1
1426.png,1
1427.png,1
1428.png,1
1429.png,1
1430.png,1
1431.png,1
1432.png,1
1433.png,1
1434.png,1
1435.png,1
1436.png,1
1437.png,1
1438.png,1
1439.png,1
1440.png,1
1441.png,1
1442.png,1
1443.png,1
1444.png,1
1445.png,1
1446.png,1
1447.png,1
1448.png,1
1449.png,1
1450.png,1
1451.png,1
1452.png,1
1453.png,1
1454.png,1
1455.png,1
1456.png,1
1457.png,1
1458.png,1
1459.png,1
1460.png,1
1461.png,1
1462.png,1
1463.png,1
1464.png,1
1465.png,1
1466.png,1
1467.png,1
1468.png,1
1469.png,1
1470.png,1
1471.png,1
1472.png,1
1473.png,1
1474.png,1
1475.png,1
1476.png,1
1477.png,1
1478.png,1
1479.png,1
1480.png,1
1481.png,1
1482.png,1
1483.png,1
1484.png,1
1485.png,1
1486.png,1
1487.png,1
1488.png,1
1489.png,1
1490.png,1
1491.png,1
1492.png,1
1493.png,1
1494.png,1
1495.png,1
1496.png,1
1497.png,1
1498.png,1
1499.png,1
1500.png,1
1501.png,1
1502.png,1
1503.png,1
1504.png,1
1505.png,1
1506.png,1
1507.png,1
1508.png,1
1509.png,1
1510.png,1
1511.png,1
1512.png,1
1513.png,1
1514.png,1
1515.png,1
1516.png,1
1517.png,1
1518.png,1
1519.png,1
1520.png,1
1521.png,1
1522.png,1
1523.png,1
1524.png,1
1525.png,1
1526.png,1
1527.png,1
1528.png,1
1529.png,1
1530.png,1
1531.png,1
1532.png,1
1533.png,1
1534.png,1
1535.png,1
1536.png,1
1537.png,1
1538.png,1
1539.png,1
1540.png,1
1541.png,1
1542.png,1
1543.png,1
1544.png,1
1545.png,1
1546.png,1
1547.png,1
1548.png,1
1549.png,1
1550.png,1
1551.png,1
1552.png,1
1553.png,1
1554.png,1
1555.png,1
1556.png,1
1557.png,1
1558.png,1
1559.png,1
1560.png,1
1561.png,1
1562.png,1
1563.png,1
1564.png,1
1565.png,1
1566.png,1
1567.png,1
1568.png,1
1569.png,1
1570.png,1
1571.png,1
1572.png,1
1573.png,1
1574.png,1
1575.png,1
1576.png,1
1577.png,1
1578.png,1
1579.png,1
1580.png,1
1581.png,1
1582.png,1
1583.png,1
1584.png,1
1585.png,1
1586.png,1
1587.png,1
1588.png,1
1589.png,1
1590.png,1
1591.png,1
1592.png,1
1593.png,1
1594.png,1
1595.png,1
1596.png,1
1597.png,1
1598.png,1
1599.png,1
1600.png,1
1601.png,2
1602.png,2
1603.png,2
1604.png,2
1605.png,2
1606.png,2
1607.png,2
1608.png,2
1609.png,2
1610.png,2
1611.png,2
1612.png,2
1613.png,2
1614.png,2
1615.png,2
1616.png,2
1617.png,2
1618.png,2
1619.png,2
1620.png,2
1621.png,2
1622.png,2
1623.png,2
1624.png,2
1625.png,2
1626.png,2
1627.png,2
1628.png,2
1629.png,2
1630.png,2
1631.png,2
1632.png,2
1633.png,2
1634.png,2
1635.png,2
1636.png,2
1637.png,2
1638.png,2
1639.png,2
1640.png,2
1641.png,2
1642.png,2
1643.png,2
1644.png,2
1645.png,2
1646.png,2
1647.png,2
1648.png,2
1649.png,2
1650.png,2
1651.png,2
1652.png,2
1653.png,2
1654.png,2
1655.png,2
1656.png,2
1657.png,2
1658.png,2
1659.png,2
1660.png,2
1661.png,2
1662.png,2
1663.png,2
1664.png,2
1665.png,2
1666.png,2
1667.png,2
1668.png,2
1669.png,2
1670.png,2
1671.png,2
1672.png,2
1673.png,2
1674.png,2
1675.png,2
1676.png,2
1677.png,2
1678.png,2
1679.png,2
1680.png,2
1681.png,2
1682.png,2
1683.png,2
1684.png,2
1685.png,2
1686.png,2
1687.png,2
1688.png,2
1689.png,2
1690.png,2
1691.png,2
1692.png,2
1693.png,2
1694.png,2
1695.png,2
1696.png,2
1697.png,2
1698.png,2
1699.png,2
1700.png,2
1701.png,2
1702.png,2
1703.png,2
1704.png,2
1705.png,2
1706.png,2
1707.png,2
1708.png,2
1709.png,2
1710.png,2
1711.png,2
1712.png,2
1713.png,2
1714.png,2
1715.png,2
1716.png,2
1717.png,2
1718.png,2
1719.png,2
1720.png,2
1721.png,2
1722.png,2
1723.png,2
1724.png,2
1725.png,2
1726.png,2
1727.png,2
1728.png,2
1729.png,2
1730.png,2
1731.png,2
1732.png,2
1733.png,2
1734.png,2
1735.png,2
1736.png,2
1737.png,2
1738.png,2
1739.png,2
1740.png,2
1741.png,2
1742.png,2
1743.png,2
1744.png,2
1745.png,2
1746.png,2
1747.png,2
1748.png,2
1749.png,2
1750.png,2
1751.png,2
1752.png,2
1753.png,2
1754.png,2
1755.png,2
1756.png,2
1757.png,2
1758.png,2
1759.png,2
1760.png,2
1761.png,2
1762.png,2
1763.png,2
1764.png,2
1765.png,2
1766.png,2
1767.png,2
1768.png,2
1769.png,2
1770.png,2
1771.png,2
1772.png,2
1773.png,2
1774.png,2
1775.png,2
1776.png,2
1777.png,2
1778.png,2
1779.png,2
1780.png,2
1781.png,2
1782.png,2
1783.png,2
1784.png,2
1785.png,2
1786.png,2
1787.png,2
1788.png,2
1789.png,2
1790.png,2
1791.png,2
1792.png,2
1793.png,2
1794.png,2
1795.png,2
1796.png,2
1797.png,2
1798.png,2
1799.png,2
1800.png,2
1801.png,2
1802.png,2
1803.png,2
1804.png,2
1805.png,2
1806.png,2
1807.png,2
1808.png,2
1809.png,2
1810.png,2
1811.png,2
1812.png,2
1813.png,2
1814.png,2
1815.png,2
1816.png,2
1817.png,2
1818.png,2
1819.png,2
1820.png,2
1821.png,2
1822.png,2
1823.png,2
1824.png,2
1825.png,2
1826.png,2
1827.png,2
1828.png,2
1829.png,2
1830.png,2
1831.png,2
1832.png,2
1833.png,2
1834.png,2
1835.png,2
1836.png,2
1837.png,2
1838.png,2
1839.png,2
1840.png,2
1841.png,2
1842.png,2
1843.png,2
1844.png,2
1845.png,2
1846.png,2
1847.png,2
1848.png,2
1849.png,2
1850.png,2
1851.png,2
1852.png,2
1853.png,2
1854.png,2
1855.png,2
1856.png,2
1857.png,2
1858.png,2
1859.png,2
1860.png,2
1861.png,2
1862.png,2
1863.png,2
1864.png,2
1865.png,2
1866.png,2
1867.png,2
1868.png,2
1869.png,2
1870.png,2
1871.png,2
1872.png,2
1873.png,2
1874.png,2
1875.png,2
1876.png,2
1877.png,2
1878.png,2
1879.png,2
1880.png,2
1881.png,2
1882.png,2
1883.png,2
1884.png,2
1885.png,2
1886.png,2
1887.png,2
1888.png,2
1889.png,2
1890.png,2
1891.png,2
1892.png,2
1893.png,2
1894.png,2
1895.png,2
1896.png,2
1897.png,2
1898.png,2
1899.png,2
1900.png,2
1901.png,2
1902.png,2
1903.png,2
1904.png,2
1905.png,2
1906.png,2
1907.png,2
1908.png,2
1909.png,2
1910.png,2
1911.png,2
1912.png,2
1913.png,2
1914.png,2
1915.png,2
1916.png,2
1917.png,2
1918.png,2
1919.png,2
1920.png,2
1921.png,2
1922.png,2
1923.png,2
1924.png,2
1925.png,2
1926.png,2
1927.png,2
1928.png,2
1929.png,2
1930.png,2
1931.png,2
1932.png,2
1933.png,2
1934.png,2
1935.png,2
1936.png,2
1937.png,2
1938.png,2
1939.png,2
1940.png,2
1941.png,2
1942.png,2
1943.png,2
1944.png,2
1945.png,2
1946.png,2
1947.png,2
1948.png,2
1949.png,2
1950.png,2
1951.png,2
1952.png,2
1953.png,2
1954.png,2
1955.png,2
1956.png,2
1957.png,2
1958.png,2
1959.png,2
1960.png,2
1961.png,2
1962.png,2
1963.png,2
1964.png,2
1965.png,2
1966.png,2
1967.png,2
1968.png,2
1969.png,2
1970.png,2
1971.png,2
1972.png,2
1973.png,2
1974.png,2
1975.png,2
1976.png,2
1977.png,2
1978.png,2
1979.png,2
1980.png,2
1981.png,2
1982.png,2
1983.png,2
1984.png,2
1985.png,2
1986.png,2
1987.png,2
1988.png,2
1989.png,2
1990.png,2
1991.png,2
1992.png,2
1993.png,2
1994.png,2
1995.png,2
1996.png,2
1997.png,2
1998.png,2
1999.png,2
2000.png,2
2001.png,2
2002.png,2
2003.png,2
2004.png,2
2005.png,2
2006.png,2
2007.png,2
2008.png,2
2009.png,2
2010.png,2
2011.png,2
2012.png,2
2013.png,2
2014.png,2
2015.png,2
2016.png,2
2017.png,2
2018.png,2
2019.png,2
2020.png,2
2021.png,2
2022.png,2
2023.png,2
2024.png,2
2025.png,2
2026.png,2
2027.png,2
2028.png,2
2029.png,2
2030.png,2
2031.png,2
2032.png,2
2033.png,2
2034.png,2
2035.png,2
2036.png,2
2037.png,2
2038.png,2
2039.png,2
2040.png,2
2041.png,2
2042.png,2
2043.png,2
2044.png,2
2045.png,2
2046.png,2
2047.png,2
2048.png,2
2049.png,2
2050.png,2
2051.png,2
2052.png,2
2053.png,2
2054.png,2
2055.png,2
2056.png,2
2057.png,2
2058.png,2
2059.png,2
2060.png,2
2061.png,2
2062.png,2
2063.png,2
2064.png,2
2065.png,2
2066.png,2
2067.png,2
2068.png,2
2069.png,2
2070.png,2
2071.png,2
2072.png,2
2073.png,2
2074.png,2
2075.png,2
2076.png,2
2077.png,2
2078.png,2
2079.png,2
2080.png,2
2081.png,2
2082.png,2
2083.png,2
2084.png,2
2085.png,2
2086.png,2
2087.png,2
2088.png,2
2089.png,2
2090.png,2
2091.png,2
2092.png,2
2093.png,2
2094.png,2
2095.png,2
2096.png,2
2097.png,2
2098.png,2
2099.png,2
2100.png,2
2101.png,2
2102.png,2
2103.png,2
2104.png,2
2105.png,2
2106.png,2
2107.png,2
2108.png,2
2109.png,2
2110.png,2
2111.png,2
2112.png,2
2113.png,2
2114.png,2
2115.png,2
2116.png,2
2117.png,2
2118.png,2
2119.png,2
2120.png,2
2121.png,2
2122.png,2
2123.png,2
2124.png,2
2125.png,2
2126.png,2
2127.png,2
2128.png,2
2129.png,2
2130.png,2
2131.png,2
2132.png,2
2133.png,2
2134.png,2
2135.png,2
2136.png,2
2137.png,2
2138.png,2
2139.png,2
2140.png,2
2141.png,2
2142.png,2
2143.png,2
2144.png,2
2145.png,2
2146.png,2
2147.png,2
2148.png,2
2149.png,2
2150.png,2
2151.png,2
2152.png,2
2153.png,2
2154.png,2
2155.png,2
2156.png,2
2157.png,2
2158.png,2
2159.png,2
2160.png,2
2161.png,2
2162.png,2
2163.png,2
2164.png,2
2165.png,2
2166.png,2
2167.png,2
2168.png,2
2169.png,2
2170.png,2
2171.png,2
2172.png,2
2173.png,2
2174.png,2
2175.png,2
2176.png,2
2177.png,2
2178.png,2
2179.png,2
2180.png,2
2181.png,2
2182.png,2
2183.png,2
2184.png,2
2185.png,2
2186.png,2
2187.png,2
2188.png,2
2189.png,2
2190.png,2
2191.png,2
2192.png,2
2193.png,2
2194.png,2
2195.png,2
2196.png,2
2197.png,2
2198.png,2
2199.png,2
2200.png,2
2201.png,2
2202.png,2
2203.png,2
2204.png,2
2205.png,2
2206.png,2
2207.png,2
2208.png,2
2209.png,2
2210.png,2
2211.png,2
2212.png,2
2213.png,2
2214.png,2
2215.png,2
2216.png,2
2217.png,2
2218.png,2
2219.png,2
2220.png,2
2221.png,2
2222.png,2
2223.png,2
2224.png,2
2225.png,2
2226.png,2
2227.png,2
2228.png,2
2229.png,2
2230.png,2
2231.png,2
2232.png,2
2233.png,2
2234.png,2
2235.png,2
2236.png,2
2237.png,2
2238.png,2
2239.png,2
2240.png,2
2241.png,2
2242.png,2
2243.png,2
2244.png,2
2245.png,2
2246.png,2
2247.png,2
2248.png,2
2249.png,2
2250.png,2
2251.png,2
2252.png,2
2253.png,2
2254.png,2
2255.png,2
2256.png,2
2257.png,2
2258.png,2
2259.png,2
2260.png,2
2261.png,2
2262.png,2
2263.png,2
2264.png,2
2265.png,2
2266.png,2
2267.png,2
2268.png,2
2269.png,2
2270.png,2
2271.png,2
2272.png,2
2273.png,2
2274.png,2
2275.png,2
2276.png,2
2277.png,2
2278.png,2
2279.png,2
2280.png,2
2281.png,2
2282.png,2
2283.png,2
2284.png,2
2285.png,2
2286.png,2
2287.png,2
2288.png,2
2289.png,2
2290.png,2
2291.png,2
2292.png,2
2293.png,2
2294.png,2
2295.png,2
2296.png,2
2297.png,2
2298.png,2
2299.png,2
2300.png,2
2301.png,2
2302.png,2
2303.png,2
2304.png,2
2305.png,2
2306.png,2
2307.png,2
2308.png,2
2309.png,2
2310.png,2
2311.png,2
2312.png,2
2313.png,2
2314.png,2
2315.png,2
2316.png,2
2317.png,2
2318.png,2
2319.png,2
2320.png,2
2321.png,2
2322.png,2
2323.png,2
2324.png,2
2325.png,2
2326.png,2
2327.png,2
2328.png,2
2329.png,2
2330.png,2
2331.png,2
2332.png,2
2333.png,2
2334.png,2
2335.png,2
2336.png,2
2337.png,2
2338.png,2
2339.png,2
2340.png,2
2341.png,2
2342.png,2
2343.png,2
2344.png,2
2345.png,2
2346.png,2
2347.png,2
2348.png,2
2349.png,2
2350.png,2
2351.png,2
2352.png,2
2353.png,2
2354.png,2
2355.png,2
2356.png,2
2357.png,2
2358.png,2
2359.png,2
2360.png,2
2361.png,2
2362.png,2
2363.png,2
2364.png,2
2365.png,2
2366.png,2
2367.png,2
2368.png,2
2369.png,2
2370.png,2
2371.png,2
2372.png,2
2373.png,2
2374.png,2
2375.png,2
2376.png,2
2377.png,2
2378.png,2
2379.png,2
2380.png,2
2381.png,2
2382.png,2
2383.png,2
2384.png,2
2385.png,2
2386.png,2
2387.png,2
2388.png,2
2389.png,2
2390.png,2
2391.png,2
2392.png,2
2393.png,2
2394.png,2
2395.png,2
2396.png,2
2397.png,2
2398.png,2
2399.png,2
2400.png,2
2401.png,3
2402.png,3
2403.png,3
2404.png,3
2405.png,3
2406.png,3
2407.png,3
2408.png,3
2409.png,3
2410.png,3
2411.png,3
2412.png,3
2413.png,3
2414.png,3
2415.png,3
2416.png,3
2417.png,3
2418.png,3
2419.png,3
2420.png,3
2421.png,3
2422.png,3
2423.png,3
2424.png,3
2425.png,3
2426.png,3
2427.png,3
2428.png,3
2429.png,3
2430.png,3
2431.png,3
2432.png,3
2433.png,3
2434.png,3
2435.png,3
2436.png,3
2437.png,3
2438.png,3
2439.png,3
2440.png,3
2441.png,3
2442.png,3
2443.png,3
2444.png,3
2445.png,3
2446.png,3
2447.png,3
2448.png,3
2449.png,3
2450.png,3
2451.png,3
2452.png,3
2453.png,3
2454.png,3
2455.png,3
2456.png,3
2457.png,3
2458.png,3
2459.png,3
2460.png,3
2461.png,3
2462.png,3
2463.png,3
2464.png,3
2465.png,3
2466.png,3
2467.png,3
2468.png,3
2469.png,3
2470.png,3
2471.png,3
2472.png,3
2473.png,3
2474.png,3
2475.png,3
2476.png,3
2477.png,3
2478.png,3
2479.png,3
2480.png,3
2481.png,3
2482.png,3
2483.png,3
2484.png,3
2485.png,3
2486.png,3
2487.png,3
2488.png,3
2489.png,3
2490.png,3
2491.png,3
2492.png,3
2493.png,3
2494.png,3
2495.png,3
2496.png,3
2497.png,3
2498.png,3
2499.png,3
2500.png,3
2501.png,3
2502.png,3
2503.png,3
2504.png,3
2505.png,3
2506.png,3
2507.png,3
2508.png,3
2509.png,3
2510.png,3
2511.png,3
2512.png,3
2513.png,3
2514.png,3
2515.png,3
2516.png,3
2517.png,3
2518.png,3
2519.png,3
2520.png,3
2521.png,3
2522.png,3
2523.png,3
2524.png,3
2525.png,3
2526.png,3
2527.png,3
2528.png,3
2529.png,3
2530.png,3
2531.png,3
2532.png,3
2533.png,3
2534.png,3
2535.png,3
2536.png,3
2537.png,3
2538.png,3
2539.png,3
2540.png,3
2541.png,3
2542.png,3
2543.png,3
2544.png,3
2545.png,3
2546.png,3
2547.png,3
2548.png,3
2549.png,3
2550.png,3
2551.png,3
2552.png,3
2553.png,3
2554.png,3
2555.png,3
2556.png,3
2557.png,3
2558.png,3
2559.png,3
2560.png,3
2561.png,3
2562.png,3
2563.png,3
2564.png,3
2565.png,3
2566.png,3
2567.png,3
2568.png,3
2569.png,3
2570.png,3
2571.png,3
2572.png,3
2573.png,3
2574.png,3
2575.png,3
2576.png,3
2577.png,3
2578.png,3
2579.png,3
2580.png,3
2581.png,3
2582.png,3
2583.png,3
2584.png,3
2585.png,3
2586.png,3
2587.png,3
2588.png,3
2589.png,3
2590.png,3
2591.png,3
2592.png,3
2593.png,3
2594.png,3
2595.png,3
2596.png,3
2597.png,3
2598.png,3
2599.png,3
2600.png,3
2601.png,3
2602.png,3
2603.png,3
2604.png,3
2605.png,3
2606.png,3
2607.png,3
2608.png,3
2609.png,3
2610.png,3
2611.png,3
2612.png,3
2613.png,3
2614.png,3
2615.png,3
2616.png,3
2617.png,3
2618.png,3
2619.png,3
2620.png,3
2621.png,3
2622.png,3
2623.png,3
2624.png,3
2625.png,3
2626.png,3
2627.png,3
2628.png,3
2629.png,3
2630.png,3
2631.png,3
2632.png,3
2633.png,3
2634.png,3
2635.png,3
2636.png,3
2637.png,3
2638.png,3
2639.png,3
2640.png,3
2641.png,3
2642.png,3
2643.png,3
2644.png,3
2645.png,3
2646.png,3
2647.png,3
2648.png,3
2649.png,3
2650.png,3
2651.png,3
2652.png,3
2653.png,3
2654.png,3
2655.png,3
2656.png,3
2657.png,3
2658.png,3
2659.png,3
2660.png,3
2661.png,3
2662.png,3
2663.png,3
2664.png,3
2665.png,3
2666.png,3
2667.png,3
2668.png,3
2669.png,3
2670.png,3
2671.png,3
2672.png,3
2673.png,3
2674.png,3
2675.png,3
2676.png,3
2677.png,3
2678.png,3
2679.png,3
2680.png,3
2681.png,3
2682.png,3
2683.png,3
2684.png,3
2685.png,3
2686.png,3
2687.png,3
2688.png,3
2689.png,3
2690.png,3
2691.png,3
2692.png,3
2693.png,3
2694.png,3
2695.png,3
2696.png,3
2697.png,3
2698.png,3
2699.png,3
2700.png,3
2701.png,3
2702.png,3
2703.png,3
2704.png,3
2705.png,3
2706.png,3
2707.png,3
2708.png,3
2709.png,3
2710.png,3
2711.png,3
2712.png,3
2713.png,3
2714.png,3
2715.png,3
2716.png,3
2717.png,3
2718.png,3
2719.png,3
2720.png,3
2721.png,3
2722.png,3
2723.png,3
2724.png,3
2725.png,3
2726.png,3
2727.png,3
2728.png,3
2729.png,3
2730.png,3
2731.png,3
2732.png,3
2733.png,3
2734.png,3
2735.png,3
2736.png,3
2737.png,3
2738.png,3
2739.png,3
2740.png,3
2741.png,3
2742.png,3
2743.png,3
2744.png,3
2745.png,3
2746.png,3
2747.png,3
2748.png,3
2749.png,3
2750.png,3
2751.png,3
2752.png,3
2753.png,3
2754.png,3
2755.png,3
2756.png,3
2757.png,3
2758.png,3
2759.png,3
2760.png,3
2761.png,3
2762.png,3
2763.png,3
2764.png,3
2765.png,3
2766.png,3
2767.png,3
2768.png,3
2769.png,3
2770.png,3
2771.png,3
2772.png,3
2773.png,3
2774.png,3
2775.png,3
2776.png,3
2777.png,3
2778.png,3
2779.png,3
2780.png,3
2781.png,3
2782.png,3
2783.png,3
2784.png,3
2785.png,3
2786.png,3
2787.png,3
2788.png,3
2789.png,3
2790.png,3
2791.png,3
2792.png,3
2793.png,3
2794.png,3
2795.png,3
2796.png,3
2797.png,3
2798.png,3
2799.png,3
2800.png,3
2801.png,3
2802.png,3
2803.png,3
2804.png,3
2805.png,3
2806.png,3
2807.png,3
2808.png,3
2809.png,3
2810.png,3
2811.png,3
2812.png,3
2813.png,3
2814.png,3
2815.png,3
2816.png,3
2817.png,3
2818.png,3
2819.png,3
2820.png,3
2821.png,3
2822.png,3
2823.png,3
2824.png,3
2825.png,3
2826.png,3
2827.png,3
2828.png,3
2829.png,3
2830.png,3
2831.png,3
2832.png,3
2833.png,3
2834.png,3
2835.png,3
2836.png,3
2837.png,3
2838.png,3
2839.png,3
2840.png,3
2841.png,3
2842.png,3
2843.png,3
2844.png,3
2845.png,3
2846.png,3
2847.png,3
2848.png,3
2849.png,3
2850.png,3
2851.png,3
2852.png,3
2853.png,3
2854.png,3
2855.png,3
2856.png,3
2857.png,3
2858.png,3
2859.png,3
2860.png,3
2861.png,3
2862.png,3
2863.png,3
2864.png,3
2865.png,3
2866.png,3
2867.png,3
2868.png,3
2869.png,3
2870.png,3
2871.png,3
2872.png,3
2873.png,3
2874.png,3
2875.png,3
2876.png,3
2877.png,3
2878.png,3
2879.png,3
2880.png,3
2881.png,3
2882.png,3
2883.png,3
2884.png,3
2885.png,3
2886.png,3
2887.png,3
2888.png,3
2889.png,3
2890.png,3
2891.png,3
2892.png,3
2893.png,3
2894.png,3
2895.png,3
2896.png,3
2897.png,3
2898.png,3
2899.png,3
2900.png,3
2901.png,3
2902.png,3
2903.png,3
2904.png,3
2905.png,3
2906.png,3
2907.png,3
2908.png,3
2909.png,3
2910.png,3
2911.png,3
2912.png,3
2913.png,3
2914.png,3
2915.png,3
2916.png,3
2917.png,3
2918.png,3
2919.png,3
2920.png,3
2921.png,3
2922.png,3
2923.png,3
2924.png,3
2925.png,3
2926.png,3
2927.png,3
2928.png,3
2929.png,3
2930.png,3
2931.png,3
2932.png,3
2933.png,3
2934.png,3
2935.png,3
2936.png,3
2937.png,3
2938.png,3
2939.png,3
2940.png,3
2941.png,3
2942.png,3
2943.png,3
2944.png,3
2945.png,3
2946.png,3
2947.png,3
2948.png,3
2949.png,3
2950.png,3
2951.png,3
2952.png,3
2953.png,3
2954.png,3
2955.png,3
2956.png,3
2957.png,3
2958.png,3
2959.png,3
2960.png,3
2961.png,3
2962.png,3
2963.png,3
2964.png,3
2965.png,3
2966.png,3
2967.png,3
2968.png,3
2969.png,3
2970.png,3
2971.png,3
2972.png,3
2973.png,3
2974.png,3
2975.png,3
2976.png,3
2977.png,3
2978.png,3
2979.png,3
2980.png,3
2981.png,3
2982.png,3
2983.png,3
2984.png,3
2985.png,3
2986.png,3
2987.png,3
2988.png,3
2989.png,3
2990.png,3
2991.png,3
2992.png,3
2993.png,3
2994.png,3
2995.png,3
2996.png,3
2997.png,3
2998.png,3
2999.png,3
3000.png,3
3001.png,3
3002.png,3
3003.png,3
3004.png,3
3005.png,3
3006.png,3
3007.png,3
3008.png,3
3009.png,3
3010.png,3
3011.png,3
3012.png,3
3013.png,3
3014.png,3
3015.png,3
3016.png,3
3017.png,3
3018.png,3
3019.png,3
3020.png,3
3021.png,3
3022.png,3
3023.png,3
3024.png,3
3025.png,3
3026.png,3
3027.png,3
3028.png,3
3029.png,3
3030.png,3
3031.png,3
3032.png,3
3033.png,3
3034.png,3
3035.png,3
3036.png,3
3037.png,3
3038.png,3
3039.png,3
3040.png,3
3041.png,3
3042.png,3
3043.png,3
3044.png,3
3045.png,3
3046.png,3
3047.png,3
3048.png,3
3049.png,3
3050.png,3
3051.png,3
3052.png,3
3053.png,3
3054.png,3
3055.png,3
3056.png,3
3057.png,3
3058.png,3
3059.png,3
3060.png,3
3061.png,3
3062.png,3
3063.png,3
3064.png,3
3065.png,3
3066.png,3
3067.png,3
3068.png,3
3069.png,3
3070.png,3
3071.png,3
3072.png,3
3073.png,3
3074.png,3
3075.png,3
3076.png,3
3077.png,3
3078.png,3
3079.png,3
3080.png,3
3081.png,3
3082.png,3
3083.png,3
3084.png,3
3085.png,3
3086.png,3
3087.png,3
3088.png,3
3089.png,3
3090.png,3
3091.png,3
3092.png,3
3093.png,3
3094.png,3
3095.png,3
3096.png,3
3097.png,3
3098.png,3
3099.png,3
3100.png,3
3101.png,3
3102.png,3
3103.png,3
3104.png,3
3105.png,3
3106.png,3
3107.png,3
3108.png,3
3109.png,3
3110.png,3
3111.png,3
3112.png,3
3113.png,3
3114.png,3
3115.png,3
3116.png,3
3117.png,3
3118.png,3
3119.png,3
3120.png,3
3121.png,3
3122.png,3
3123.png,3
3124.png,3
3125.png,3
3126.png,3
3127.png,3
3128.png,3
3129.png,3
3130.png,3
3131.png,3
3132.png,3
3133.png,3
3134.png,3
3135.png,3
3136.png,3
3137.png,3
3138.png,3
3139.png,3
3140.png,3
3141.png,3
3142.png,3
3143.png,3
3144.png,3
3145.png,3
3146.png,3
3147.png,3
3148.png,3
3149.png,3
3150.png,3
3151.png,3
3152.png,3
3153.png,3
3154.png,3
3155.png,3
3156.png,3
3157.png,3
3158.png,3
3159.png,3
3160.png,3
3161.png,3
3162.png,3
3163.png,3
3164.png,3
3165.png,3
3166.png,3
3167.png,3
3168.png,3
3169.png,3
3170.png,3
3171.png,3
3172.png,3
3173.png,3
3174.png,3
3175.png,3
3176.png,3
3177.png,3
3178.png,3
3179.png,3
3180.png,3
3181.png,3
3182.png,3
3183.png,3
3184.png,3
3185.png,3
3186.png,3
3187.png,3
3188.png,3
3189.png,3
3190.png,3
3191.png,3
3192.png,3
3193.png,3
3194.png,3
3195.png,3
3196.png,3
3197.png,3
3198.png,3
3199.png,3
3200.png,3
3201.png,4
3202.png,4
3203.png,4
3204.png,4
3205.png,4
3206.png,4
3207.png,4
3208.png,4
3209.png,4
3210.png,4
3211.png,4
3212.png,4
3213.png,4
3214.png,4
3215.png,4
3216.png,4
3217.png,4
3218.png,4
3219.png,4
3220.png,4
3221.png,4
3222.png,4
3223.png,4
3224.png,4
3225.png,4
3226.png,4
3227.png,4
3228.png,4
3229.png,4
3230.png,4
3231.png,4
3232.png,4
3233.png,4
3234.png,4
3235.png,4
3236.png,4
3237.png,4
3238.png,4
3239.png,4
3240.png,4
3241.png,4
3242.png,4
3243.png,4
3244.png,4
3245.png,4
3246.png,4
3247.png,4
3248.png,4
3249.png,4
3250.png,4
3251.png,4
3252.png,4
3253.png,4
3254.png,4
3255.png,4
3256.png,4
3257.png,4
3258.png,4
3259.png,4
3260.png,4
3261.png,4
3262.png,4
3263.png,4
3264.png,4
3265.png,4
3266.png,4
3267.png,4
3268.png,4
3269.png,4
3270.png,4
3271.png,4
3272.png,4
3273.png,4
3274.png,4
3275.png,4
3276.png,4
3277.png,4
3278.png,4
3279.png,4
3280.png,4
3281.png,4
3282.png,4
3283.png,4
3284.png,4
3285.png,4
3286.png,4
3287.png,4
3288.png,4
3289.png,4
3290.png,4
3291.png,4
3292.png,4
3293.png,4
3294.png,4
3295.png,4
3296.png,4
3297.png,4
3298.png,4
3299.png,4
3300.png,4
3301.png,4
3302.png,4
3303.png,4
3304.png,4
3305.png,4
3306.png,4
3307.png,4
3308.png,4
3309.png,4
3310.png,4
3311.png,4
3312.png,4
3313.png,4
3314.png,4
3315.png,4
3316.png,4
3317.png,4
3318.png,4
3319.png,4
3320.png,4
3321.png,4
3322.png,4
3323.png,4
3324.png,4
3325.png,4
3326.png,4
3327.png,4
3328.png,4
3329.png,4
3330.png,4
3331.png,4
3332.png,4
3333.png,4
3334.png,4
3335.png,4
3336.png,4
3337.png,4
3338.png,4
3339.png,4
3340.png,4
3341.png,4
3342.png,4
3343.png,4
3344.png,4
3345.png,4
3346.png,4
3347.png,4
3348.png,4
3349.png,4
3350.png,4
3351.png,4
3352.png,4
3353.png,4
3354.png,4
3355.png,4
3356.png,4
3357.png,4
3358.png,4
3359.png,4
3360.png,4
3361.png,4
3362.png,4
3363.png,4
3364.png,4
3365.png,4
3366.png,4
3367.png,4
3368.png,4
3369.png,4
3370.png,4
3371.png,4
3372.png,4
3373.png,4
3374.png,4
3375.png,4
3376.png,4
3377.png,4
3378.png,4
3379.png,4
3380.png,4
3381.png,4
3382.png,4
3383.png,4
3384.png,4
3385.png,4
3386.png,4
3387.png,4
3388.png,4
3389.png,4
3390.png,4
3391.png,4
3392.png,4
3393.png,4
3394.png,4
3395.png,4
3396.png,4
3397.png,4
3398.png,4
3399.png,4
3400.png,4
3401.png,4
3402.png,4
3403.png,4
3404.png,4
3405.png,4
3406.png,4
3407.png,4
3408.png,4
3409.png,4
3410.png,4
3411.png,4
3412.png,4
3413.png,4
3414.png,4
3415.png,4
3416.png,4
3417.png,4
3418.png,4
3419.png,4
3420.png,4
3421.png,4
3422.png,4
3423.png,4
3424.png,4
3425.png,4
3426.png,4
3427.png,4
3428.png,4
3429.png,4
3430.png,4
3431.png,4
3432.png,4
3433.png,4
3434.png,4
3435.png,4
3436.png,4
3437.png,4
3438.png,4
3439.png,4
3440.png,4
3441.png,4
3442.png,4
3443.png,4
3444.png,4
3445.png,4
3446.png,4
3447.png,4
3448.png,4
3449.png,4
3450.png,4
3451.png,4
3452.png,4
3453.png,4
3454.png,4
3455.png,4
3456.png,4
3457.png,4
3458.png,4
3459.png,4
3460.png,4
3461.png,4
3462.png,4
3463.png,4
3464.png,4
3465.png,4
3466.png,4
3467.png,4
3468.png,4
3469.png,4
3470.png,4
3471.png,4
3472.png,4
3473.png,4
3474.png,4
3475.png,4
3476.png,4
3477.png,4
3478.png,4
3479.png,4
3480.png,4
3481.png,4
3482.png,4
3483.png,4
3484.png,4
3485.png,4
3486.png,4
3487.png,4
3488.png,4
3489.png,4
3490.png,4
3491.png,4
3492.png,4
3493.png,4
3494.png,4
3495.png,4
3496.png,4
3497.png,4
3498.png,4
3499.png,4
3500.png,4
3501.png,4
3502.png,4
3503.png,4
3504.png,4
3505.png,4
3506.png,4
3507.png,4
3508.png,4
3509.png,4
3510.png,4
3511.png,4
3512.png,4
3513.png,4
3514.png,4
3515.png,4
3516.png,4
3517.png,4
3518.png,4
3519.png,4
3520.png,4
3521.png,4
3522.png,4
3523.png,4
3524.png,4
3525.png,4
3526.png,4
3527.png,4
3528.png,4
3529.png,4
3530.png,4
3531.png,4
3532.png,4
3533.png,4
3534.png,4
3535.png,4
3536.png,4
3537.png,4
3538.png,4
3539.png,4
3540.png,4
3541.png,4
3542.png,4
3543.png,4
3544.png,4
3545.png,4
3546.png,4
3547.png,4
3548.png,4
3549.png,4
3550.png,4
3551.png,4
3552.png,4
3553.png,4
3554.png,4
3555.png,4
3556.png,4
3557.png,4
3558.png,4
3559.png,4
3560.png,4
3561.png,4
3562.png,4
3563.png,4
3564.png,4
3565.png,4
3566.png,4
3567.png,4
3568.png,4
3569.png,4
3570.png,4
3571.png,4
3572.png,4
3573.png,4
3574.png,4
3575.png,4
3576.png,4
3577.png,4
3578.png,4
3579.png,4
3580.png,4
3581.png,4
3582.png,4
3583.png,4
3584.png,4
3585.png,4
3586.png,4
3587.png,4
3588.png,4
3589.png,4
3590.png,4
3591.png,4
3592.png,4
3593.png,4
3594.png,4
3595.png,4
3596.png,4
3597.png,4
3598.png,4
3599.png,4
3600.png,4
3601.png,4
3602.png,4
3603.png,4
3604.png,4
3605.png,4
3606.png,4
3607.png,4
3608.png,4
3609.png,4
3610.png,4
3611.png,4
3612.png,4
3613.png,4
3614.png,4
3615.png,4
3616.png,4
3617.png,4
3618.png,4
3619.png,4
3620.png,4
3621.png,4
3622.png,4
3623.png,4
3624.png,4
3625.png,4
3626.png,4
3627.png,4
3628.png,4
3629.png,4
3630.png,4
3631.png,4
3632.png,4
3633.png,4
3634.png,4
3635.png,4
3636.png,4
3637.png,4
3638.png,4
3639.png,4
3640.png,4
3641.png,4
3642.png,4
3643.png,4
3644.png,4
3645.png,4
3646.png,4
3647.png,4
3648.png,4
3649.png,4
3650.png,4
3651.png,4
3652.png,4
3653.png,4
3654.png,4
3655.png,4
3656.png,4
3657.png,4
3658.png,4
3659.png,4
3660.png,4
3661.png,4
3662.png,4
3663.png,4
3664.png,4
3665.png,4
3666.png,4
3667.png,4
3668.png,4
3669.png,4
3670.png,4
3671.png,4
3672.png,4
3673.png,4
3674.png,4
3675.png,4
3676.png,4
3677.png,4
3678.png,4
3679.png,4
3680.png,4
3681.png,4
3682.png,4
3683.png,4
3684.png,4
3685.png,4
3686.png,4
3687.png,4
3688.png,4
3689.png,4
3690.png,4
3691.png,4
3692.png,4
3693.png,4
3694.png,4
3695.png,4
3696.png,4
3697.png,4
3698.png,4
3699.png,4
3700.png,4
3701.png,4
3702.png,4
3703.png,4
3704.png,4
3705.png,4
3706.png,4
3707.png,4
3708.png,4
3709.png,4
3710.png,4
3711.png,4
3712.png,4
3713.png,4
3714.png,4
3715.png,4
3716.png,4
3717.png,4
3718.png,4
3719.png,4
3720.png,4
3721.png,4
3722.png,4
3723.png,4
3724.png,4
3725.png,4
3726.png,4
3727.png,4
3728.png,4
3729.png,4
3730.png,4
3731.png,4
3732.png,4
3733.png,4
3734.png,4
3735.png,4
3736.png,4
3737.png,4
3738.png,4
3739.png,4
3740.png,4
3741.png,4
3742.png,4
3743.png,4
3744.png,4
3745.png,4
3746.png,4
3747.png,4
3748.png,4
3749.png,4
3750.png,4
3751.png,4
3752.png,4
3753.png,4
3754.png,4
3755.png,4
3756.png,4
3757.png,4
3758.png,4
3759.png,4
3760.png,4
3761.png,4
3762.png,4
3763.png,4
3764.png,4
3765.png,4
3766.png,4
3767.png,4
3768.png,4
3769.png,4
3770.png,4
3771.png,4
3772.png,4
3773.png,4
3774.png,4
3775.png,4
3776.png,4
3777.png,4
3778.png,4
3779.png,4
3780.png,4
3781.png,4
3782.png,4
3783.png,4
3784.png,4
3785.png,4
3786.png,4
3787.png,4
3788.png,4
3789.png,4
3790.png,4
3791.png,4
3792.png,4
3793.png,4
3794.png,4
3795.png,4
3796.png,4
3797.png,4
3798.png,4
3799.png,4
3800.png,4
3801.png,4
3802.png,4
3803.png,4
3804.png,4
3805.png,4
3806.png,4
3807.png,4
3808.png,4
3809.png,4
3810.png,4
3811.png,4
3812.png,4
3813.png,4
3814.png,4
3815.png,4
3816.png,4
3817.png,4
3818.png,4
3819.png,4
3820.png,4
3821.png,4
3822.png,4
3823.png,4
3824.png,4
3825.png,4
3826.png,4
3827.png,4
3828.png,4
3829.png,4
3830.png,4
3831.png,4
3832.png,4
3833.png,4
3834.png,4
3835.png,4
3836.png,4
3837.png,4
3838.png,4
3839.png,4
3840.png,4
3841.png,4
3842.png,4
3843.png,4
3844.png,4
3845.png,4
3846.png,4
3847.png,4
3848.png,4
3849.png,4
3850.png,4
3851.png,4
3852.png,4
3853.png,4
3854.png,4
3855.png,4
3856.png,4
3857.png,4
3858.png,4
3859.png,4
3860.png,4
3861.png,4
3862.png,4
3863.png,4
3864.png,4
3865.png,4
3866.png,4
3867.png,4
3868.png,4
3869.png,4
3870.png,4
3871.png,4
3872.png,4
3873.png,4
3874.png,4
3875.png,4
3876.png,4
3877.png,4
3878.png,4
3879.png,4
3880.png,4
3881.png,4
3882.png,4
3883.png,4
3884.png,4
3885.png,4
3886.png,4
3887.png,4
3888.png,4
3889.png,4
3890.png,4
3891.png,4
3892.png,4
3893.png,4
3894.png,4
3895.png,4
3896.png,4
3897.png,4
3898.png,4
3899.png,4
3900.png,4
3901.png,4
3902.png,4
3903.png,4
3904.png,4
3905.png,4
3906.png,4
3907.png,4
3908.png,4
3909.png,4
3910.png,4
3911.png,4
3912.png,4
3913.png,4
3914.png,4
3915.png,4
3916.png,4
3917.png,4
3918.png,4
3919.png,4
3920.png,4
3921.png,4
3922.png,4
3923.png,4
3924.png,4
3925.png,4
3926.png,4
3927.png,4
3928.png,4
3929.png,4
3930.png,4
3931.png,4
3932.png,4
3933.png,4
3934.png,4
3935.png,4
3936.png,4
3937.png,4
3938.png,4
3939.png,4
3940.png,4
3941.png,4
3942.png,4
3943.png,4
3944.png,4
3945.png,4
3946.png,4
3947.png,4
3948.png,4
3949.png,4
3950.png,4
3951.png,4
3952.png,4
3953.png,4
3954.png,4
3955.png,4
3956.png,4
3957.png,4
3958.png,4
3959.png,4
3960.png,4
3961.png,4
3962.png,4
3963.png,4
3964.png,4
3965.png,4
3966.png,4
3967.png,4
3968.png,4
3969.png,4
3970.png,4
3971.png,4
3972.png,4
3973.png,4
3974.png,4
3975.png,4
3976.png,4
3977.png,4
3978.png,4
3979.png,4
3980.png,4
3981.png,4
3982.png,4
3983.png,4
3984.png,4
3985.png,4
3986.png,4
3987.png,4
3988.png,4
3989.png,4
3990.png,4
3991.png,4
3992.png,4
3993.png,4
3994.png,4
3995.png,4
3996.png,4
3997.png,4
3998.png,4
3999.png,4
4000.png,4
